{
 "cells": [
  {
   "cell_type": "markdown",
   "id": "63ad5f93",
   "metadata": {},
   "source": [
    "# 1) Aplicacao Tensao x Deformacao - Alumínio\n",
    "\n",
    "Considere a aplicacao do ensaio de ruptura por tracao de um corpo de prova de aluminio, com diametro de 12,8 mm e comprimento inicial de 50,8 mm. Com os resultados encontrados no arquivo: \"aluminio_1.csv\". Para isso, faça:\n",
    "\n",
    "a) Carregue os dados no ambiente Google Colab;\n",
    "\n",
    "b) Converta a carga de N para KN;\n",
    "\n",
    "c) Encontre a tensao equivalente em MPa;\n",
    "\n",
    "d) Encontre a deformacao linear (ΔL/L) (ε) e o (ε) em %;\n",
    "\n",
    "e) Plote o graficos: N vs deformacao (mm); KN vs deformacao (ε) em %; MPa vs deformacao (ε) em %."
   ]
  },
  {
   "cell_type": "code",
   "execution_count": 1,
   "id": "d44733fb",
   "metadata": {},
   "outputs": [],
   "source": [
    "#Carregando as bibliotecas\n",
    "import numpy as np\n",
    "import pandas as pd\n",
    "import matplotlib.pyplot as plt"
   ]
  },
  {
   "cell_type": "code",
   "execution_count": 2,
   "id": "5c28ecb8",
   "metadata": {},
   "outputs": [
    {
     "data": {
      "text/html": [
       "<div>\n",
       "<style scoped>\n",
       "    .dataframe tbody tr th:only-of-type {\n",
       "        vertical-align: middle;\n",
       "    }\n",
       "\n",
       "    .dataframe tbody tr th {\n",
       "        vertical-align: top;\n",
       "    }\n",
       "\n",
       "    .dataframe thead th {\n",
       "        text-align: right;\n",
       "    }\n",
       "</style>\n",
       "<table border=\"1\" class=\"dataframe\">\n",
       "  <thead>\n",
       "    <tr style=\"text-align: right;\">\n",
       "      <th></th>\n",
       "      <th>Carga (N)</th>\n",
       "      <th>Deformacao (mm)</th>\n",
       "    </tr>\n",
       "  </thead>\n",
       "  <tbody>\n",
       "    <tr>\n",
       "      <th>0</th>\n",
       "      <td>0</td>\n",
       "      <td>0.00</td>\n",
       "    </tr>\n",
       "    <tr>\n",
       "      <th>1</th>\n",
       "      <td>7330</td>\n",
       "      <td>0.05</td>\n",
       "    </tr>\n",
       "    <tr>\n",
       "      <th>2</th>\n",
       "      <td>15100</td>\n",
       "      <td>0.10</td>\n",
       "    </tr>\n",
       "    <tr>\n",
       "      <th>3</th>\n",
       "      <td>23100</td>\n",
       "      <td>0.15</td>\n",
       "    </tr>\n",
       "    <tr>\n",
       "      <th>4</th>\n",
       "      <td>30400</td>\n",
       "      <td>0.20</td>\n",
       "    </tr>\n",
       "    <tr>\n",
       "      <th>5</th>\n",
       "      <td>34400</td>\n",
       "      <td>0.25</td>\n",
       "    </tr>\n",
       "    <tr>\n",
       "      <th>6</th>\n",
       "      <td>38400</td>\n",
       "      <td>0.51</td>\n",
       "    </tr>\n",
       "    <tr>\n",
       "      <th>7</th>\n",
       "      <td>41300</td>\n",
       "      <td>1.02</td>\n",
       "    </tr>\n",
       "    <tr>\n",
       "      <th>8</th>\n",
       "      <td>44800</td>\n",
       "      <td>2.03</td>\n",
       "    </tr>\n",
       "    <tr>\n",
       "      <th>9</th>\n",
       "      <td>46200</td>\n",
       "      <td>3.05</td>\n",
       "    </tr>\n",
       "    <tr>\n",
       "      <th>10</th>\n",
       "      <td>47300</td>\n",
       "      <td>4.06</td>\n",
       "    </tr>\n",
       "    <tr>\n",
       "      <th>11</th>\n",
       "      <td>47500</td>\n",
       "      <td>5.08</td>\n",
       "    </tr>\n",
       "    <tr>\n",
       "      <th>12</th>\n",
       "      <td>46100</td>\n",
       "      <td>6.10</td>\n",
       "    </tr>\n",
       "    <tr>\n",
       "      <th>13</th>\n",
       "      <td>44800</td>\n",
       "      <td>6.86</td>\n",
       "    </tr>\n",
       "    <tr>\n",
       "      <th>14</th>\n",
       "      <td>42600</td>\n",
       "      <td>7.62</td>\n",
       "    </tr>\n",
       "    <tr>\n",
       "      <th>15</th>\n",
       "      <td>36400</td>\n",
       "      <td>8.38</td>\n",
       "    </tr>\n",
       "  </tbody>\n",
       "</table>\n",
       "</div>"
      ],
      "text/plain": [
       "    Carga (N)  Deformacao (mm)\n",
       "0           0             0.00\n",
       "1        7330             0.05\n",
       "2       15100             0.10\n",
       "3       23100             0.15\n",
       "4       30400             0.20\n",
       "5       34400             0.25\n",
       "6       38400             0.51\n",
       "7       41300             1.02\n",
       "8       44800             2.03\n",
       "9       46200             3.05\n",
       "10      47300             4.06\n",
       "11      47500             5.08\n",
       "12      46100             6.10\n",
       "13      44800             6.86\n",
       "14      42600             7.62\n",
       "15      36400             8.38"
      ]
     },
     "execution_count": 2,
     "metadata": {},
     "output_type": "execute_result"
    }
   ],
   "source": [
    "#a\n",
    "#Carregando a planilha para o ambiente Colab\n",
    "aluminio_df = pd.read_csv('aluminio_1.csv')\n",
    "aluminio_df\n",
    "\n",
    "#Se carregou com Unnamed\n",
    "#aluminio_df = aluminio_df.drop(columns=['Unnamed: 2', 'Unnamed: 3', 'Unnamed: 4', 'Unnamed: 5', 'Unnamed: 6', 'Unnamed: 7'])\n",
    "\n",
    "#aluminio_df"
   ]
  },
  {
   "cell_type": "code",
   "execution_count": 3,
   "id": "650079a4",
   "metadata": {},
   "outputs": [
    {
     "data": {
      "text/plain": [
       "Carga (N)          30400.0\n",
       "Deformacao (mm)        0.2\n",
       "Name: 4, dtype: float64"
      ]
     },
     "execution_count": 3,
     "metadata": {},
     "output_type": "execute_result"
    }
   ],
   "source": [
    "#Filtrando colunas\n",
    "#aluminio_df.loc[:, ['Carga (N)', 'Deformacao (mm)']]\n",
    "aluminio_df.loc[4, ['Carga (N)', 'Deformacao (mm)']]"
   ]
  },
  {
   "cell_type": "code",
   "execution_count": 4,
   "id": "1da66295",
   "metadata": {},
   "outputs": [
    {
     "data": {
      "text/html": [
       "<div>\n",
       "<style scoped>\n",
       "    .dataframe tbody tr th:only-of-type {\n",
       "        vertical-align: middle;\n",
       "    }\n",
       "\n",
       "    .dataframe tbody tr th {\n",
       "        vertical-align: top;\n",
       "    }\n",
       "\n",
       "    .dataframe thead th {\n",
       "        text-align: right;\n",
       "    }\n",
       "</style>\n",
       "<table border=\"1\" class=\"dataframe\">\n",
       "  <thead>\n",
       "    <tr style=\"text-align: right;\">\n",
       "      <th></th>\n",
       "      <th>Carga (N)</th>\n",
       "      <th>Deformacao (mm)</th>\n",
       "      <th>Carga (KN)</th>\n",
       "    </tr>\n",
       "  </thead>\n",
       "  <tbody>\n",
       "    <tr>\n",
       "      <th>0</th>\n",
       "      <td>0</td>\n",
       "      <td>0.00</td>\n",
       "      <td>0.00</td>\n",
       "    </tr>\n",
       "    <tr>\n",
       "      <th>1</th>\n",
       "      <td>7330</td>\n",
       "      <td>0.05</td>\n",
       "      <td>7.33</td>\n",
       "    </tr>\n",
       "    <tr>\n",
       "      <th>2</th>\n",
       "      <td>15100</td>\n",
       "      <td>0.10</td>\n",
       "      <td>15.10</td>\n",
       "    </tr>\n",
       "    <tr>\n",
       "      <th>3</th>\n",
       "      <td>23100</td>\n",
       "      <td>0.15</td>\n",
       "      <td>23.10</td>\n",
       "    </tr>\n",
       "    <tr>\n",
       "      <th>4</th>\n",
       "      <td>30400</td>\n",
       "      <td>0.20</td>\n",
       "      <td>30.40</td>\n",
       "    </tr>\n",
       "    <tr>\n",
       "      <th>5</th>\n",
       "      <td>34400</td>\n",
       "      <td>0.25</td>\n",
       "      <td>34.40</td>\n",
       "    </tr>\n",
       "    <tr>\n",
       "      <th>6</th>\n",
       "      <td>38400</td>\n",
       "      <td>0.51</td>\n",
       "      <td>38.40</td>\n",
       "    </tr>\n",
       "    <tr>\n",
       "      <th>7</th>\n",
       "      <td>41300</td>\n",
       "      <td>1.02</td>\n",
       "      <td>41.30</td>\n",
       "    </tr>\n",
       "    <tr>\n",
       "      <th>8</th>\n",
       "      <td>44800</td>\n",
       "      <td>2.03</td>\n",
       "      <td>44.80</td>\n",
       "    </tr>\n",
       "    <tr>\n",
       "      <th>9</th>\n",
       "      <td>46200</td>\n",
       "      <td>3.05</td>\n",
       "      <td>46.20</td>\n",
       "    </tr>\n",
       "    <tr>\n",
       "      <th>10</th>\n",
       "      <td>47300</td>\n",
       "      <td>4.06</td>\n",
       "      <td>47.30</td>\n",
       "    </tr>\n",
       "    <tr>\n",
       "      <th>11</th>\n",
       "      <td>47500</td>\n",
       "      <td>5.08</td>\n",
       "      <td>47.50</td>\n",
       "    </tr>\n",
       "    <tr>\n",
       "      <th>12</th>\n",
       "      <td>46100</td>\n",
       "      <td>6.10</td>\n",
       "      <td>46.10</td>\n",
       "    </tr>\n",
       "    <tr>\n",
       "      <th>13</th>\n",
       "      <td>44800</td>\n",
       "      <td>6.86</td>\n",
       "      <td>44.80</td>\n",
       "    </tr>\n",
       "    <tr>\n",
       "      <th>14</th>\n",
       "      <td>42600</td>\n",
       "      <td>7.62</td>\n",
       "      <td>42.60</td>\n",
       "    </tr>\n",
       "    <tr>\n",
       "      <th>15</th>\n",
       "      <td>36400</td>\n",
       "      <td>8.38</td>\n",
       "      <td>36.40</td>\n",
       "    </tr>\n",
       "  </tbody>\n",
       "</table>\n",
       "</div>"
      ],
      "text/plain": [
       "    Carga (N)  Deformacao (mm)  Carga (KN)\n",
       "0           0             0.00        0.00\n",
       "1        7330             0.05        7.33\n",
       "2       15100             0.10       15.10\n",
       "3       23100             0.15       23.10\n",
       "4       30400             0.20       30.40\n",
       "5       34400             0.25       34.40\n",
       "6       38400             0.51       38.40\n",
       "7       41300             1.02       41.30\n",
       "8       44800             2.03       44.80\n",
       "9       46200             3.05       46.20\n",
       "10      47300             4.06       47.30\n",
       "11      47500             5.08       47.50\n",
       "12      46100             6.10       46.10\n",
       "13      44800             6.86       44.80\n",
       "14      42600             7.62       42.60\n",
       "15      36400             8.38       36.40"
      ]
     },
     "execution_count": 4,
     "metadata": {},
     "output_type": "execute_result"
    }
   ],
   "source": [
    "#b\n",
    "#Convertendo uma coluna // Operacoes com coluna\n",
    "aluminio_df['Carga (KN)'] = aluminio_df['Carga (N)'] / 1000\n",
    "aluminio_df\n",
    "\n",
    "#Dropar colunas\n",
    "#aluminio_df.drop(columns = 'KN')"
   ]
  },
  {
   "cell_type": "code",
   "execution_count": 6,
   "id": "20f028c1",
   "metadata": {},
   "outputs": [
    {
     "data": {
      "text/html": [
       "<div>\n",
       "<style scoped>\n",
       "    .dataframe tbody tr th:only-of-type {\n",
       "        vertical-align: middle;\n",
       "    }\n",
       "\n",
       "    .dataframe tbody tr th {\n",
       "        vertical-align: top;\n",
       "    }\n",
       "\n",
       "    .dataframe thead th {\n",
       "        text-align: right;\n",
       "    }\n",
       "</style>\n",
       "<table border=\"1\" class=\"dataframe\">\n",
       "  <thead>\n",
       "    <tr style=\"text-align: right;\">\n",
       "      <th></th>\n",
       "      <th>Carga (N)</th>\n",
       "      <th>Deformacao (mm)</th>\n",
       "      <th>Carga (KN)</th>\n",
       "      <th>Tensao (MPa)</th>\n",
       "    </tr>\n",
       "  </thead>\n",
       "  <tbody>\n",
       "    <tr>\n",
       "      <th>0</th>\n",
       "      <td>0</td>\n",
       "      <td>0.00</td>\n",
       "      <td>0.00</td>\n",
       "      <td>0.00</td>\n",
       "    </tr>\n",
       "    <tr>\n",
       "      <th>1</th>\n",
       "      <td>7330</td>\n",
       "      <td>0.05</td>\n",
       "      <td>7.33</td>\n",
       "      <td>56.96</td>\n",
       "    </tr>\n",
       "    <tr>\n",
       "      <th>2</th>\n",
       "      <td>15100</td>\n",
       "      <td>0.10</td>\n",
       "      <td>15.10</td>\n",
       "      <td>117.35</td>\n",
       "    </tr>\n",
       "    <tr>\n",
       "      <th>3</th>\n",
       "      <td>23100</td>\n",
       "      <td>0.15</td>\n",
       "      <td>23.10</td>\n",
       "      <td>179.52</td>\n",
       "    </tr>\n",
       "    <tr>\n",
       "      <th>4</th>\n",
       "      <td>30400</td>\n",
       "      <td>0.20</td>\n",
       "      <td>30.40</td>\n",
       "      <td>236.25</td>\n",
       "    </tr>\n",
       "    <tr>\n",
       "      <th>5</th>\n",
       "      <td>34400</td>\n",
       "      <td>0.25</td>\n",
       "      <td>34.40</td>\n",
       "      <td>267.33</td>\n",
       "    </tr>\n",
       "    <tr>\n",
       "      <th>6</th>\n",
       "      <td>38400</td>\n",
       "      <td>0.51</td>\n",
       "      <td>38.40</td>\n",
       "      <td>298.42</td>\n",
       "    </tr>\n",
       "    <tr>\n",
       "      <th>7</th>\n",
       "      <td>41300</td>\n",
       "      <td>1.02</td>\n",
       "      <td>41.30</td>\n",
       "      <td>320.95</td>\n",
       "    </tr>\n",
       "    <tr>\n",
       "      <th>8</th>\n",
       "      <td>44800</td>\n",
       "      <td>2.03</td>\n",
       "      <td>44.80</td>\n",
       "      <td>348.15</td>\n",
       "    </tr>\n",
       "    <tr>\n",
       "      <th>9</th>\n",
       "      <td>46200</td>\n",
       "      <td>3.05</td>\n",
       "      <td>46.20</td>\n",
       "      <td>359.03</td>\n",
       "    </tr>\n",
       "    <tr>\n",
       "      <th>10</th>\n",
       "      <td>47300</td>\n",
       "      <td>4.06</td>\n",
       "      <td>47.30</td>\n",
       "      <td>367.58</td>\n",
       "    </tr>\n",
       "    <tr>\n",
       "      <th>11</th>\n",
       "      <td>47500</td>\n",
       "      <td>5.08</td>\n",
       "      <td>47.50</td>\n",
       "      <td>369.13</td>\n",
       "    </tr>\n",
       "    <tr>\n",
       "      <th>12</th>\n",
       "      <td>46100</td>\n",
       "      <td>6.10</td>\n",
       "      <td>46.10</td>\n",
       "      <td>358.25</td>\n",
       "    </tr>\n",
       "    <tr>\n",
       "      <th>13</th>\n",
       "      <td>44800</td>\n",
       "      <td>6.86</td>\n",
       "      <td>44.80</td>\n",
       "      <td>348.15</td>\n",
       "    </tr>\n",
       "    <tr>\n",
       "      <th>14</th>\n",
       "      <td>42600</td>\n",
       "      <td>7.62</td>\n",
       "      <td>42.60</td>\n",
       "      <td>331.05</td>\n",
       "    </tr>\n",
       "    <tr>\n",
       "      <th>15</th>\n",
       "      <td>36400</td>\n",
       "      <td>8.38</td>\n",
       "      <td>36.40</td>\n",
       "      <td>282.87</td>\n",
       "    </tr>\n",
       "  </tbody>\n",
       "</table>\n",
       "</div>"
      ],
      "text/plain": [
       "    Carga (N)  Deformacao (mm)  Carga (KN)  Tensao (MPa)\n",
       "0           0             0.00        0.00          0.00\n",
       "1        7330             0.05        7.33         56.96\n",
       "2       15100             0.10       15.10        117.35\n",
       "3       23100             0.15       23.10        179.52\n",
       "4       30400             0.20       30.40        236.25\n",
       "5       34400             0.25       34.40        267.33\n",
       "6       38400             0.51       38.40        298.42\n",
       "7       41300             1.02       41.30        320.95\n",
       "8       44800             2.03       44.80        348.15\n",
       "9       46200             3.05       46.20        359.03\n",
       "10      47300             4.06       47.30        367.58\n",
       "11      47500             5.08       47.50        369.13\n",
       "12      46100             6.10       46.10        358.25\n",
       "13      44800             6.86       44.80        348.15\n",
       "14      42600             7.62       42.60        331.05\n",
       "15      36400             8.38       36.40        282.87"
      ]
     },
     "execution_count": 6,
     "metadata": {},
     "output_type": "execute_result"
    }
   ],
   "source": [
    "#c\n",
    "#Calculando a area\n",
    "area = (np.pi * (12.8 ** 2))/4 #mm2\n",
    "area\n",
    "\n",
    "#MPa =. N/mm2\n",
    "aluminio_df['Tensao (MPa)'] = (aluminio_df['Carga (N)'] / area) #Sem arredondar\n",
    "aluminio_df['Tensao (MPa)'] = aluminio_df['Tensao (MPa)'].round(2) #Arredondando as casas\n",
    "#aluminio_df['Tensao (MPa)'] = round((aluminio_df['Carga (N)'] / area), 2) #Arredondar\n",
    "aluminio_df"
   ]
  },
  {
   "cell_type": "code",
   "execution_count": 7,
   "id": "65001e4d",
   "metadata": {},
   "outputs": [
    {
     "data": {
      "text/html": [
       "<div>\n",
       "<style scoped>\n",
       "    .dataframe tbody tr th:only-of-type {\n",
       "        vertical-align: middle;\n",
       "    }\n",
       "\n",
       "    .dataframe tbody tr th {\n",
       "        vertical-align: top;\n",
       "    }\n",
       "\n",
       "    .dataframe thead th {\n",
       "        text-align: right;\n",
       "    }\n",
       "</style>\n",
       "<table border=\"1\" class=\"dataframe\">\n",
       "  <thead>\n",
       "    <tr style=\"text-align: right;\">\n",
       "      <th></th>\n",
       "      <th>Carga (N)</th>\n",
       "      <th>Carga (KN)</th>\n",
       "      <th>Tensao (MPa)</th>\n",
       "      <th>Deformacao (mm)</th>\n",
       "    </tr>\n",
       "  </thead>\n",
       "  <tbody>\n",
       "    <tr>\n",
       "      <th>0</th>\n",
       "      <td>0</td>\n",
       "      <td>0.00</td>\n",
       "      <td>0.00</td>\n",
       "      <td>0.00</td>\n",
       "    </tr>\n",
       "    <tr>\n",
       "      <th>1</th>\n",
       "      <td>7330</td>\n",
       "      <td>7.33</td>\n",
       "      <td>56.96</td>\n",
       "      <td>0.05</td>\n",
       "    </tr>\n",
       "    <tr>\n",
       "      <th>2</th>\n",
       "      <td>15100</td>\n",
       "      <td>15.10</td>\n",
       "      <td>117.35</td>\n",
       "      <td>0.10</td>\n",
       "    </tr>\n",
       "    <tr>\n",
       "      <th>3</th>\n",
       "      <td>23100</td>\n",
       "      <td>23.10</td>\n",
       "      <td>179.52</td>\n",
       "      <td>0.15</td>\n",
       "    </tr>\n",
       "    <tr>\n",
       "      <th>4</th>\n",
       "      <td>30400</td>\n",
       "      <td>30.40</td>\n",
       "      <td>236.25</td>\n",
       "      <td>0.20</td>\n",
       "    </tr>\n",
       "    <tr>\n",
       "      <th>5</th>\n",
       "      <td>34400</td>\n",
       "      <td>34.40</td>\n",
       "      <td>267.33</td>\n",
       "      <td>0.25</td>\n",
       "    </tr>\n",
       "    <tr>\n",
       "      <th>6</th>\n",
       "      <td>38400</td>\n",
       "      <td>38.40</td>\n",
       "      <td>298.42</td>\n",
       "      <td>0.51</td>\n",
       "    </tr>\n",
       "    <tr>\n",
       "      <th>7</th>\n",
       "      <td>41300</td>\n",
       "      <td>41.30</td>\n",
       "      <td>320.95</td>\n",
       "      <td>1.02</td>\n",
       "    </tr>\n",
       "    <tr>\n",
       "      <th>8</th>\n",
       "      <td>44800</td>\n",
       "      <td>44.80</td>\n",
       "      <td>348.15</td>\n",
       "      <td>2.03</td>\n",
       "    </tr>\n",
       "    <tr>\n",
       "      <th>9</th>\n",
       "      <td>46200</td>\n",
       "      <td>46.20</td>\n",
       "      <td>359.03</td>\n",
       "      <td>3.05</td>\n",
       "    </tr>\n",
       "    <tr>\n",
       "      <th>10</th>\n",
       "      <td>47300</td>\n",
       "      <td>47.30</td>\n",
       "      <td>367.58</td>\n",
       "      <td>4.06</td>\n",
       "    </tr>\n",
       "    <tr>\n",
       "      <th>11</th>\n",
       "      <td>47500</td>\n",
       "      <td>47.50</td>\n",
       "      <td>369.13</td>\n",
       "      <td>5.08</td>\n",
       "    </tr>\n",
       "    <tr>\n",
       "      <th>12</th>\n",
       "      <td>46100</td>\n",
       "      <td>46.10</td>\n",
       "      <td>358.25</td>\n",
       "      <td>6.10</td>\n",
       "    </tr>\n",
       "    <tr>\n",
       "      <th>13</th>\n",
       "      <td>44800</td>\n",
       "      <td>44.80</td>\n",
       "      <td>348.15</td>\n",
       "      <td>6.86</td>\n",
       "    </tr>\n",
       "    <tr>\n",
       "      <th>14</th>\n",
       "      <td>42600</td>\n",
       "      <td>42.60</td>\n",
       "      <td>331.05</td>\n",
       "      <td>7.62</td>\n",
       "    </tr>\n",
       "    <tr>\n",
       "      <th>15</th>\n",
       "      <td>36400</td>\n",
       "      <td>36.40</td>\n",
       "      <td>282.87</td>\n",
       "      <td>8.38</td>\n",
       "    </tr>\n",
       "  </tbody>\n",
       "</table>\n",
       "</div>"
      ],
      "text/plain": [
       "    Carga (N)  Carga (KN)  Tensao (MPa)  Deformacao (mm)\n",
       "0           0        0.00          0.00             0.00\n",
       "1        7330        7.33         56.96             0.05\n",
       "2       15100       15.10        117.35             0.10\n",
       "3       23100       23.10        179.52             0.15\n",
       "4       30400       30.40        236.25             0.20\n",
       "5       34400       34.40        267.33             0.25\n",
       "6       38400       38.40        298.42             0.51\n",
       "7       41300       41.30        320.95             1.02\n",
       "8       44800       44.80        348.15             2.03\n",
       "9       46200       46.20        359.03             3.05\n",
       "10      47300       47.30        367.58             4.06\n",
       "11      47500       47.50        369.13             5.08\n",
       "12      46100       46.10        358.25             6.10\n",
       "13      44800       44.80        348.15             6.86\n",
       "14      42600       42.60        331.05             7.62\n",
       "15      36400       36.40        282.87             8.38"
      ]
     },
     "execution_count": 7,
     "metadata": {},
     "output_type": "execute_result"
    }
   ],
   "source": [
    "#Rearange order\n",
    "aluminio_df = aluminio_df[['Carga (N)', 'Carga (KN)', 'Tensao (MPa)','Deformacao (mm)']]\n",
    "aluminio_df"
   ]
  },
  {
   "cell_type": "code",
   "execution_count": 8,
   "id": "7d44256e",
   "metadata": {},
   "outputs": [
    {
     "name": "stderr",
     "output_type": "stream",
     "text": [
      "<ipython-input-8-ed26d58866ae>:5: SettingWithCopyWarning: \n",
      "A value is trying to be set on a copy of a slice from a DataFrame.\n",
      "Try using .loc[row_indexer,col_indexer] = value instead\n",
      "\n",
      "See the caveats in the documentation: https://pandas.pydata.org/pandas-docs/stable/user_guide/indexing.html#returning-a-view-versus-a-copy\n",
      "  aluminio_df['Deformacao Linear (ΔL/L) (ε)'] = (aluminio_df['Deformacao (mm)'] / Lo)\n",
      "<ipython-input-8-ed26d58866ae>:6: SettingWithCopyWarning: \n",
      "A value is trying to be set on a copy of a slice from a DataFrame.\n",
      "Try using .loc[row_indexer,col_indexer] = value instead\n",
      "\n",
      "See the caveats in the documentation: https://pandas.pydata.org/pandas-docs/stable/user_guide/indexing.html#returning-a-view-versus-a-copy\n",
      "  aluminio_df['Deformacao Linear (ΔL/L) (ε)'] = aluminio_df['Deformacao Linear (ΔL/L) (ε)'].round(2)\n"
     ]
    },
    {
     "data": {
      "text/html": [
       "<div>\n",
       "<style scoped>\n",
       "    .dataframe tbody tr th:only-of-type {\n",
       "        vertical-align: middle;\n",
       "    }\n",
       "\n",
       "    .dataframe tbody tr th {\n",
       "        vertical-align: top;\n",
       "    }\n",
       "\n",
       "    .dataframe thead th {\n",
       "        text-align: right;\n",
       "    }\n",
       "</style>\n",
       "<table border=\"1\" class=\"dataframe\">\n",
       "  <thead>\n",
       "    <tr style=\"text-align: right;\">\n",
       "      <th></th>\n",
       "      <th>Carga (N)</th>\n",
       "      <th>Carga (KN)</th>\n",
       "      <th>Tensao (MPa)</th>\n",
       "      <th>Deformacao (mm)</th>\n",
       "      <th>Deformacao Linear (ΔL/L) (ε)</th>\n",
       "    </tr>\n",
       "  </thead>\n",
       "  <tbody>\n",
       "    <tr>\n",
       "      <th>0</th>\n",
       "      <td>0</td>\n",
       "      <td>0.00</td>\n",
       "      <td>0.00</td>\n",
       "      <td>0.00</td>\n",
       "      <td>0.00</td>\n",
       "    </tr>\n",
       "    <tr>\n",
       "      <th>1</th>\n",
       "      <td>7330</td>\n",
       "      <td>7.33</td>\n",
       "      <td>56.96</td>\n",
       "      <td>0.05</td>\n",
       "      <td>0.00</td>\n",
       "    </tr>\n",
       "    <tr>\n",
       "      <th>2</th>\n",
       "      <td>15100</td>\n",
       "      <td>15.10</td>\n",
       "      <td>117.35</td>\n",
       "      <td>0.10</td>\n",
       "      <td>0.00</td>\n",
       "    </tr>\n",
       "    <tr>\n",
       "      <th>3</th>\n",
       "      <td>23100</td>\n",
       "      <td>23.10</td>\n",
       "      <td>179.52</td>\n",
       "      <td>0.15</td>\n",
       "      <td>0.00</td>\n",
       "    </tr>\n",
       "    <tr>\n",
       "      <th>4</th>\n",
       "      <td>30400</td>\n",
       "      <td>30.40</td>\n",
       "      <td>236.25</td>\n",
       "      <td>0.20</td>\n",
       "      <td>0.00</td>\n",
       "    </tr>\n",
       "    <tr>\n",
       "      <th>5</th>\n",
       "      <td>34400</td>\n",
       "      <td>34.40</td>\n",
       "      <td>267.33</td>\n",
       "      <td>0.25</td>\n",
       "      <td>0.00</td>\n",
       "    </tr>\n",
       "    <tr>\n",
       "      <th>6</th>\n",
       "      <td>38400</td>\n",
       "      <td>38.40</td>\n",
       "      <td>298.42</td>\n",
       "      <td>0.51</td>\n",
       "      <td>0.01</td>\n",
       "    </tr>\n",
       "    <tr>\n",
       "      <th>7</th>\n",
       "      <td>41300</td>\n",
       "      <td>41.30</td>\n",
       "      <td>320.95</td>\n",
       "      <td>1.02</td>\n",
       "      <td>0.02</td>\n",
       "    </tr>\n",
       "    <tr>\n",
       "      <th>8</th>\n",
       "      <td>44800</td>\n",
       "      <td>44.80</td>\n",
       "      <td>348.15</td>\n",
       "      <td>2.03</td>\n",
       "      <td>0.04</td>\n",
       "    </tr>\n",
       "    <tr>\n",
       "      <th>9</th>\n",
       "      <td>46200</td>\n",
       "      <td>46.20</td>\n",
       "      <td>359.03</td>\n",
       "      <td>3.05</td>\n",
       "      <td>0.06</td>\n",
       "    </tr>\n",
       "    <tr>\n",
       "      <th>10</th>\n",
       "      <td>47300</td>\n",
       "      <td>47.30</td>\n",
       "      <td>367.58</td>\n",
       "      <td>4.06</td>\n",
       "      <td>0.08</td>\n",
       "    </tr>\n",
       "    <tr>\n",
       "      <th>11</th>\n",
       "      <td>47500</td>\n",
       "      <td>47.50</td>\n",
       "      <td>369.13</td>\n",
       "      <td>5.08</td>\n",
       "      <td>0.10</td>\n",
       "    </tr>\n",
       "    <tr>\n",
       "      <th>12</th>\n",
       "      <td>46100</td>\n",
       "      <td>46.10</td>\n",
       "      <td>358.25</td>\n",
       "      <td>6.10</td>\n",
       "      <td>0.12</td>\n",
       "    </tr>\n",
       "    <tr>\n",
       "      <th>13</th>\n",
       "      <td>44800</td>\n",
       "      <td>44.80</td>\n",
       "      <td>348.15</td>\n",
       "      <td>6.86</td>\n",
       "      <td>0.14</td>\n",
       "    </tr>\n",
       "    <tr>\n",
       "      <th>14</th>\n",
       "      <td>42600</td>\n",
       "      <td>42.60</td>\n",
       "      <td>331.05</td>\n",
       "      <td>7.62</td>\n",
       "      <td>0.15</td>\n",
       "    </tr>\n",
       "    <tr>\n",
       "      <th>15</th>\n",
       "      <td>36400</td>\n",
       "      <td>36.40</td>\n",
       "      <td>282.87</td>\n",
       "      <td>8.38</td>\n",
       "      <td>0.16</td>\n",
       "    </tr>\n",
       "  </tbody>\n",
       "</table>\n",
       "</div>"
      ],
      "text/plain": [
       "    Carga (N)  Carga (KN)  Tensao (MPa)  Deformacao (mm)  \\\n",
       "0           0        0.00          0.00             0.00   \n",
       "1        7330        7.33         56.96             0.05   \n",
       "2       15100       15.10        117.35             0.10   \n",
       "3       23100       23.10        179.52             0.15   \n",
       "4       30400       30.40        236.25             0.20   \n",
       "5       34400       34.40        267.33             0.25   \n",
       "6       38400       38.40        298.42             0.51   \n",
       "7       41300       41.30        320.95             1.02   \n",
       "8       44800       44.80        348.15             2.03   \n",
       "9       46200       46.20        359.03             3.05   \n",
       "10      47300       47.30        367.58             4.06   \n",
       "11      47500       47.50        369.13             5.08   \n",
       "12      46100       46.10        358.25             6.10   \n",
       "13      44800       44.80        348.15             6.86   \n",
       "14      42600       42.60        331.05             7.62   \n",
       "15      36400       36.40        282.87             8.38   \n",
       "\n",
       "    Deformacao Linear (ΔL/L) (ε)  \n",
       "0                           0.00  \n",
       "1                           0.00  \n",
       "2                           0.00  \n",
       "3                           0.00  \n",
       "4                           0.00  \n",
       "5                           0.00  \n",
       "6                           0.01  \n",
       "7                           0.02  \n",
       "8                           0.04  \n",
       "9                           0.06  \n",
       "10                          0.08  \n",
       "11                          0.10  \n",
       "12                          0.12  \n",
       "13                          0.14  \n",
       "14                          0.15  \n",
       "15                          0.16  "
      ]
     },
     "execution_count": 8,
     "metadata": {},
     "output_type": "execute_result"
    }
   ],
   "source": [
    "#d Deformacao Linear (ε)\n",
    "#(ε) = (ΔL/L) \n",
    "#L0 = 50.8mm\n",
    "Lo = 50.8\n",
    "aluminio_df['Deformacao Linear (ΔL/L) (ε)'] = (aluminio_df['Deformacao (mm)'] / Lo)\n",
    "aluminio_df['Deformacao Linear (ΔL/L) (ε)'] = aluminio_df['Deformacao Linear (ΔL/L) (ε)'].round(2)\n",
    "aluminio_df "
   ]
  },
  {
   "cell_type": "code",
   "execution_count": 12,
   "id": "1e708e02",
   "metadata": {},
   "outputs": [
    {
     "name": "stderr",
     "output_type": "stream",
     "text": [
      "<ipython-input-12-45bf77166151>:2: SettingWithCopyWarning: \n",
      "A value is trying to be set on a copy of a slice from a DataFrame.\n",
      "Try using .loc[row_indexer,col_indexer] = value instead\n",
      "\n",
      "See the caveats in the documentation: https://pandas.pydata.org/pandas-docs/stable/user_guide/indexing.html#returning-a-view-versus-a-copy\n",
      "  aluminio_df['Deformacao Linear (ΔL/L) (ε) (%)'] = aluminio_df['Deformacao Linear (ΔL/L) (ε)'] * 0.01\n",
      "<ipython-input-12-45bf77166151>:3: SettingWithCopyWarning: \n",
      "A value is trying to be set on a copy of a slice from a DataFrame.\n",
      "Try using .loc[row_indexer,col_indexer] = value instead\n",
      "\n",
      "See the caveats in the documentation: https://pandas.pydata.org/pandas-docs/stable/user_guide/indexing.html#returning-a-view-versus-a-copy\n",
      "  aluminio_df['Deformacao Linear (ΔL/L) (ε) (%)'] = aluminio_df['Deformacao Linear (ΔL/L) (ε) (%)'].round(6)\n"
     ]
    },
    {
     "data": {
      "text/html": [
       "<div>\n",
       "<style scoped>\n",
       "    .dataframe tbody tr th:only-of-type {\n",
       "        vertical-align: middle;\n",
       "    }\n",
       "\n",
       "    .dataframe tbody tr th {\n",
       "        vertical-align: top;\n",
       "    }\n",
       "\n",
       "    .dataframe thead th {\n",
       "        text-align: right;\n",
       "    }\n",
       "</style>\n",
       "<table border=\"1\" class=\"dataframe\">\n",
       "  <thead>\n",
       "    <tr style=\"text-align: right;\">\n",
       "      <th></th>\n",
       "      <th>Carga (N)</th>\n",
       "      <th>Carga (KN)</th>\n",
       "      <th>Tensao (MPa)</th>\n",
       "      <th>Deformacao (mm)</th>\n",
       "      <th>Deformacao Linear (ΔL/L) (ε)</th>\n",
       "      <th>Deformacao Linear (ΔL/L) (ε) (%)</th>\n",
       "    </tr>\n",
       "  </thead>\n",
       "  <tbody>\n",
       "    <tr>\n",
       "      <th>0</th>\n",
       "      <td>0</td>\n",
       "      <td>0.00</td>\n",
       "      <td>0.00</td>\n",
       "      <td>0.00</td>\n",
       "      <td>0.00</td>\n",
       "      <td>0.0000</td>\n",
       "    </tr>\n",
       "    <tr>\n",
       "      <th>1</th>\n",
       "      <td>7330</td>\n",
       "      <td>7.33</td>\n",
       "      <td>56.96</td>\n",
       "      <td>0.05</td>\n",
       "      <td>0.00</td>\n",
       "      <td>0.0000</td>\n",
       "    </tr>\n",
       "    <tr>\n",
       "      <th>2</th>\n",
       "      <td>15100</td>\n",
       "      <td>15.10</td>\n",
       "      <td>117.35</td>\n",
       "      <td>0.10</td>\n",
       "      <td>0.00</td>\n",
       "      <td>0.0000</td>\n",
       "    </tr>\n",
       "    <tr>\n",
       "      <th>3</th>\n",
       "      <td>23100</td>\n",
       "      <td>23.10</td>\n",
       "      <td>179.52</td>\n",
       "      <td>0.15</td>\n",
       "      <td>0.00</td>\n",
       "      <td>0.0000</td>\n",
       "    </tr>\n",
       "    <tr>\n",
       "      <th>4</th>\n",
       "      <td>30400</td>\n",
       "      <td>30.40</td>\n",
       "      <td>236.25</td>\n",
       "      <td>0.20</td>\n",
       "      <td>0.00</td>\n",
       "      <td>0.0000</td>\n",
       "    </tr>\n",
       "    <tr>\n",
       "      <th>5</th>\n",
       "      <td>34400</td>\n",
       "      <td>34.40</td>\n",
       "      <td>267.33</td>\n",
       "      <td>0.25</td>\n",
       "      <td>0.00</td>\n",
       "      <td>0.0000</td>\n",
       "    </tr>\n",
       "    <tr>\n",
       "      <th>6</th>\n",
       "      <td>38400</td>\n",
       "      <td>38.40</td>\n",
       "      <td>298.42</td>\n",
       "      <td>0.51</td>\n",
       "      <td>0.01</td>\n",
       "      <td>0.0001</td>\n",
       "    </tr>\n",
       "    <tr>\n",
       "      <th>7</th>\n",
       "      <td>41300</td>\n",
       "      <td>41.30</td>\n",
       "      <td>320.95</td>\n",
       "      <td>1.02</td>\n",
       "      <td>0.02</td>\n",
       "      <td>0.0002</td>\n",
       "    </tr>\n",
       "    <tr>\n",
       "      <th>8</th>\n",
       "      <td>44800</td>\n",
       "      <td>44.80</td>\n",
       "      <td>348.15</td>\n",
       "      <td>2.03</td>\n",
       "      <td>0.04</td>\n",
       "      <td>0.0004</td>\n",
       "    </tr>\n",
       "    <tr>\n",
       "      <th>9</th>\n",
       "      <td>46200</td>\n",
       "      <td>46.20</td>\n",
       "      <td>359.03</td>\n",
       "      <td>3.05</td>\n",
       "      <td>0.06</td>\n",
       "      <td>0.0006</td>\n",
       "    </tr>\n",
       "    <tr>\n",
       "      <th>10</th>\n",
       "      <td>47300</td>\n",
       "      <td>47.30</td>\n",
       "      <td>367.58</td>\n",
       "      <td>4.06</td>\n",
       "      <td>0.08</td>\n",
       "      <td>0.0008</td>\n",
       "    </tr>\n",
       "    <tr>\n",
       "      <th>11</th>\n",
       "      <td>47500</td>\n",
       "      <td>47.50</td>\n",
       "      <td>369.13</td>\n",
       "      <td>5.08</td>\n",
       "      <td>0.10</td>\n",
       "      <td>0.0010</td>\n",
       "    </tr>\n",
       "    <tr>\n",
       "      <th>12</th>\n",
       "      <td>46100</td>\n",
       "      <td>46.10</td>\n",
       "      <td>358.25</td>\n",
       "      <td>6.10</td>\n",
       "      <td>0.12</td>\n",
       "      <td>0.0012</td>\n",
       "    </tr>\n",
       "    <tr>\n",
       "      <th>13</th>\n",
       "      <td>44800</td>\n",
       "      <td>44.80</td>\n",
       "      <td>348.15</td>\n",
       "      <td>6.86</td>\n",
       "      <td>0.14</td>\n",
       "      <td>0.0014</td>\n",
       "    </tr>\n",
       "    <tr>\n",
       "      <th>14</th>\n",
       "      <td>42600</td>\n",
       "      <td>42.60</td>\n",
       "      <td>331.05</td>\n",
       "      <td>7.62</td>\n",
       "      <td>0.15</td>\n",
       "      <td>0.0015</td>\n",
       "    </tr>\n",
       "    <tr>\n",
       "      <th>15</th>\n",
       "      <td>36400</td>\n",
       "      <td>36.40</td>\n",
       "      <td>282.87</td>\n",
       "      <td>8.38</td>\n",
       "      <td>0.16</td>\n",
       "      <td>0.0016</td>\n",
       "    </tr>\n",
       "  </tbody>\n",
       "</table>\n",
       "</div>"
      ],
      "text/plain": [
       "    Carga (N)  Carga (KN)  Tensao (MPa)  Deformacao (mm)  \\\n",
       "0           0        0.00          0.00             0.00   \n",
       "1        7330        7.33         56.96             0.05   \n",
       "2       15100       15.10        117.35             0.10   \n",
       "3       23100       23.10        179.52             0.15   \n",
       "4       30400       30.40        236.25             0.20   \n",
       "5       34400       34.40        267.33             0.25   \n",
       "6       38400       38.40        298.42             0.51   \n",
       "7       41300       41.30        320.95             1.02   \n",
       "8       44800       44.80        348.15             2.03   \n",
       "9       46200       46.20        359.03             3.05   \n",
       "10      47300       47.30        367.58             4.06   \n",
       "11      47500       47.50        369.13             5.08   \n",
       "12      46100       46.10        358.25             6.10   \n",
       "13      44800       44.80        348.15             6.86   \n",
       "14      42600       42.60        331.05             7.62   \n",
       "15      36400       36.40        282.87             8.38   \n",
       "\n",
       "    Deformacao Linear (ΔL/L) (ε)  Deformacao Linear (ΔL/L) (ε) (%)  \n",
       "0                           0.00                            0.0000  \n",
       "1                           0.00                            0.0000  \n",
       "2                           0.00                            0.0000  \n",
       "3                           0.00                            0.0000  \n",
       "4                           0.00                            0.0000  \n",
       "5                           0.00                            0.0000  \n",
       "6                           0.01                            0.0001  \n",
       "7                           0.02                            0.0002  \n",
       "8                           0.04                            0.0004  \n",
       "9                           0.06                            0.0006  \n",
       "10                          0.08                            0.0008  \n",
       "11                          0.10                            0.0010  \n",
